ID;name;slug;lat;lng;codice_provincia_istat;codice_comune_istat;codice_alfanumerico_istat;capoluogo_provincia;capoluogo_regione
1;Aglie;aglie;45.3681;7.7681;001;001;001001;0;0
2;Airasca;airasca;44.9181;7.4855;001;002;001002;0;0
3;Ala di Stura;ala-di-stura;45.3154;7.3026;001;003;001003;0;0
4;Albiano d'Ivrea;albiano-divrea;45.4339;7.9517;001;004;001004;0;0
5;Alice Superiore;alice-superiore;45.4599;7.7774;001;005;001005;0;0
6;Almese;almese;45.1169;7.3954;001;006;001006;0;0
7;Alpette;alpette;45.4106;7.5808;001;007;001007;0;0
8;Alpignano;alpignano;45.0943;7.5244;001;008;001008;0;0
9;Andezeno;andezeno;45.0373;7.8731;001;009;001009;0;0
10;Andrate;andrate;45.5285;7.8814;001;010;001010;0;0
11;Angrogna;angrogna;44.8438;7.2246;001;011;001011;0;0
12;Arignano;arignano;45.0438;7.9011;001;012;001012;0;0
13;Avigliana;avigliana;45.0793;7.3967;001;013;001013;0;0
14;Azeglio;azeglio;45.4246;7.995;001;014;001014;0;0
15;Bairo;bairo;45.387;7.7564;001;015;001015;0;0
16;Balangero;balangero;45.2714;7.5186;001;016;001016;0;0
17;Baldissero Canavese;baldissero-canavese;45.4112;7.7453;001;017;001017;0;0
18;Baldissero Torinese;baldissero-torinese;45.0685;7.817;001;018;001018;0;0
19;Balme;balme;45.3022;7.2181;001;019;001019;0;0
20;Banchette;banchette;45.4545;7.8575;001;020;001020;0;0
21;Barbania;barbania;45.2924;7.6314;001;021;001021;0;0
22;Bardonecchia;bardonecchia;45.0788;6.7043;001;022;001022;0;0
23;Barone Canavese;barone-canavese;45.3267;7.8745;001;023;001023;0;0
24;Beinasco;beinasco;45.0228;7.5878;001;024;001024;0;0
25;Bibiana;bibiana;44.8;7.2894;001;025;001025;0;0
26;Bobbio Pellice;bobbio-pellice;44.8078;7.1178;001;026;001026;0;0
27;Bollengo;bollengo;45.4703;7.9466;001;027;001027;0;0
28;Borgaro Torinese;borgaro-torinese;45.1517;7.6578;001;028;001028;0;0
29;Borgiallo;borgiallo;45.4181;7.6697;001;029;001029;0;0
30;Borgofranco d'Ivrea;borgofranco-divrea;45.5139;7.8592;001;030;001030;0;0
31;Borgomasino;borgomasino;45.3642;7.9888;001;031;001031;0;0
32;Borgone Susa;borgone-susa;45.1212;7.2398;001;032;001032;0;0
33;Bosconero;bosconero;45.268;7.7641;001;033;001033;0;0
34;Brandizzo;brandizzo;45.1783;7.8389;001;034;001034;0;0
35;Bricherasio;bricherasio;44.8245;7.3066;001;035;001035;0;0
36;Brosso;brosso;45.494;7.8039;001;036;001036;0;0
37;Brozolo;brozolo;45.1177;8.0725;001;037;001037;0;0
38;Bruino;bruino;45.0212;7.4646;001;038;001038;0;0
39;Brusasco;brusasco;45.1558;8.0595;001;039;001039;0;0
40;Bruzolo;bruzolo;45.1434;7.1938;001;040;001040;0;0
41;Buriasco;buriasco;44.8747;7.4114;001;041;001041;0;0
42;Burolo;burolo;45.4822;7.935;001;042;001042;0;0
43;Busano;busano;45.3331;7.6571;001;043;001043;0;0
44;Bussoleno;bussoleno;45.1414;7.1475;001;044;001044;0;0
45;Buttigliera Alta;buttigliera-alta;45.071;7.4295;001;045;001045;0;0
46;Cafasse;cafasse;45.2461;7.5184;001;046;001046;0;0
47;Caluso;caluso;45.3059;7.8969;001;047;001047;0;0
48;Cambiano;cambiano;44.9694;7.7731;001;048;001048;0;0
49;Campiglione-Fenile;campiglione-fenile;44.8025;7.3235;001;049;001049;0;0
50;Candia Canavese;candia-canavese;45.3288;7.8863;001;050;001050;0;0
51;Candiolo;candiolo;44.9603;7.6028;001;051;001051;0;0
52;Canischio;canischio;45.3745;7.5958;001;052;001052;0;0
53;Cantalupa;cantalupa;44.947;7.3314;001;053;001053;0;0
54;Cantoira;cantoira;45.3395;7.387;001;054;001054;0;0
55;Caprie;caprie;45.1198;7.3331;001;055;001055;0;0
56;Caravino;caravino;45.3992;7.9614;001;056;001056;0;0
57;Carema;carema;45.5845;7.8119;001;057;001057;0;0
58;Carignano;carignano;44.908;7.6744;001;058;001058;0;0
59;Carmagnola;carmagnola;44.8455;7.7192;001;059;001059;0;0
60;Casalborgone;casalborgone;45.1312;7.9414;001;060;001060;0;0
61;Cascinette d'Ivrea;cascinette-divrea;45.4813;7.9067;001;061;001061;0;0
62;Caselette;caselette;45.1058;7.4821;001;062;001062;0;0
63;Caselle Torinese;caselle-torinese;45.1774;7.6475;001;063;001063;0;0
64;Castagneto Po;castagneto-po;45.1603;7.8906;001;064;001064;0;0
65;Castagnole Piemonte;castagnole-piemonte;44.8992;7.5674;001;065;001065;0;0
66;Castellamonte;castellamonte;45.383;7.7133;001;066;001066;0;0
67;Castelnuovo Nigra;castelnuovo-nigra;45.4392;7.6958;001;067;001067;0;0
68;Castiglione Torinese;castiglione-torinese;45.1202;7.8155;001;068;001068;0;0
69;Cavagnolo;cavagnolo;45.1529;8.0501;001;069;001069;0;0
70;Cavour;cavour;44.7857;7.375;001;070;001070;0;0
71;Cercenasco;cercenasco;44.8606;7.5049;001;071;001071;0;0
72;Ceres;ceres;45.313;7.3889;001;072;001072;0;0
73;Ceresole Reale;ceresole-reale;45.4325;7.2361;001;073;001073;0;0
74;Cesana Torinese;cesana-torinese;44.9529;6.7937;001;074;001074;0;0
75;Chialamberto;chialamberto;45.3641;7.3406;001;075;001075;0;0
76;Chianocco;chianocco;45.1483;7.1687;001;076;001076;0;0
77;Chiaverano;chiaverano;45.4986;7.9048;001;077;001077;0;0
78;Chieri;chieri;45.0116;7.8229;001;078;001078;0;0
79;Chiesanuova;chiesanuova;38.018;12.6594;001;079;001079;0;0
80;Chiomonte;chiomonte;45.1192;6.9815;001;080;001080;0;0
81;Chiusa di San Michele;chiusa-di-san-michele;45.1053;7.3283;001;081;001081;0;0
82;Chivasso;chivasso;45.1899;7.8843;001;082;001082;0;0
83;Ciconio;ciconio;45.3312;7.7597;001;083;001083;0;0
84;Cintano;cintano;45.4285;7.6903;001;084;001084;0;0
85;Cinzano;cinzano;45.0953;7.9267;001;085;001085;0;0
86;Cirie;cirie;45.2336;7.6046;001;086;001086;0;0
87;Claviere;claviere;44.9388;6.7503;001;087;001087;0;0
88;Coassolo Torinese;coassolo-torinese;45.2988;7.4616;001;088;001088;0;0
89;Coazze;coazze;45.0556;7.3081;001;089;001089;0;0
90;Collegno;collegno;45.0777;7.5704;001;090;001090;0;0
91;Colleretto Castelnuovo;colleretto-castelnuovo;45.4235;7.6809;001;091;001091;0;0
92;Colleretto Giacosa;colleretto-giacosa;45.4339;7.7997;001;092;001092;0;0
93;Condove;condove;45.1185;7.3088;001;093;001093;0;0
94;Corio;corio;45.3149;7.5335;001;094;001094;0;0
95;Cossano Canavese;cossano-canavese;45.3888;7.9927;001;095;001095;0;0
96;Cuceglio;cuceglio;45.3604;7.8163;001;096;001096;0;0
97;Cumiana;cumiana;44.9808;7.3778;001;097;001097;0;0
98;Cuorgne;cuorgne;45.3907;7.6496;001;098;001098;0;0
99;Druento;druento;45.1343;7.5765;001;099;001099;0;0
100;Exilles;exilles;45.0986;6.9303;001;100;001100;0;0
101;Favria;favria;45.3322;7.6917;001;101;001101;0;0
102;Feletto;feletto;45.3048;7.746;001;102;001102;0;0
103;Fenestrelle;fenestrelle;45.0345;7.0522;001;103;001103;0;0
104;Fiano;fiano;45.2178;7.5239;001;104;001104;0;0
105;Fiorano Canavese;fiorano-canavese;45.4688;7.8349;001;105;001105;0;0
106;Foglizzo;foglizzo;45.273;7.8209;001;106;001106;0;0
107;Forno Canavese;forno-canavese;45.3464;7.5922;001;107;001107;0;0
108;Frassinetto;frassinetto;45.4378;7.6078;001;108;001108;0;0
109;Front;front;45.2819;7.6641;001;109;001109;0;0
110;Frossasco;frossasco;44.9341;7.3513;001;110;001110;0;0
111;Garzigliana;garzigliana;44.8371;7.3741;001;111;001111;0;0
112;Gassino Torinese;gassino-torinese;45.1298;7.8243;001;112;001112;0;0
113;Germagnano;germagnano;45.2648;7.4706;001;113;001113;0;0
114;Giaglione;giaglione;45.1362;7.0087;001;114;001114;0;0
115;Giaveno;giaveno;45.0418;7.3525;001;115;001115;0;0
116;Givoletto;givoletto;45.1608;7.495;001;116;001116;0;0
117;Gravere;gravere;45.1267;7.019;001;117;001117;0;0
118;Groscavallo;groscavallo;45.3684;7.2591;001;118;001118;0;0
119;Grosso;grosso;45.2575;7.5584;001;119;001119;0;0
120;Grugliasco;grugliasco;45.0623;7.5783;001;120;001120;0;0
121;Ingria;ingria;45.4663;7.5712;001;121;001121;0;0
122;Inverso Pinasca;inverso-pinasca;44.945;7.2181;001;122;001122;0;0
123;Isolabella;isolabella;44.9075;7.9102;001;123;001123;0;0
124;Issiglio;issiglio;45.4463;7.7553;001;124;001124;0;0
125;Ivrea;ivrea;45.4666;7.8759;001;125;001125;0;0
126;La Cassa;la-cassa;45.1814;7.5175;001;126;001126;0;0
127;La Loggia;la-loggia;44.9588;7.6684;001;127;001127;0;0
128;Lanzo Torinese;lanzo-torinese;45.2741;7.4812;001;128;001128;0;0
129;Lauriano;lauriano;45.1592;7.9928;001;129;001129;0;0
130;Leini;leini;45.1838;7.7153;001;130;001130;0;0
131;Lemie;lemie;45.2289;7.2942;001;131;001131;0;0
132;Lessolo;lessolo;45.476;7.8137;001;132;001132;0;0
133;Levone;levone;45.3177;7.6075;001;133;001133;0;0
134;Locana;locana;45.4163;7.46;001;134;001134;0;0
135;Lombardore;lombardore;45.2364;7.7414;001;135;001135;0;0
136;Lombriasco;lombriasco;44.8422;7.6367;001;136;001136;0;0
137;Loranze;loranze;45.4427;7.8139;001;137;001137;0;0
138;Lugnacco;lugnacco;45.4445;7.7818;001;138;001138;0;0
139;Luserna San Giovanni;luserna-san-giovanni;44.8085;7.2454;001;139;001139;0;0
140;Lusernetta;lusernetta;44.8025;7.2487;001;140;001140;0;0
141;Lusiglie;lusiglie;45.3196;7.7658;001;141;001141;0;0
142;Macello;macello;44.8522;7.3992;001;142;001142;0;0
143;Maglione;maglione;45.3477;8.0146;001;143;001143;0;0
144;Marentino;marentino;45.0563;7.8781;001;144;001144;0;0
145;Massello;massello;44.9586;7.0566;001;145;001145;0;0
146;Mathi;mathi;45.2563;7.5431;001;146;001146;0;0
147;Mattie;mattie;45.1192;7.1163;001;147;001147;0;0
148;Mazze;mazze;45.3012;7.9339;001;148;001148;0;0
149;Meana di Susa;meana-di-susa;45.1231;7.0629;001;149;001149;0;0
150;Mercenasco;mercenasco;45.3575;7.8813;001;150;001150;0;0
151;Meugliano;meugliano;45.4904;7.7795;001;151;001151;0;0
152;Mezzenile;mezzenile;45.296;7.3967;001;152;001152;0;0
153;Mombello di Torino;mombello-di-torino;45.0464;7.9212;001;153;001153;0;0
154;Mompantero;mompantero;45.1486;7.0419;001;154;001154;0;0
155;Monastero di Lanzo;monastero-di-lanzo;45.3016;7.4404;001;155;001155;0;0
156;Moncalieri;moncalieri;44.9994;7.6801;001;156;001156;0;0
157;Moncenisio;moncenisio;45.2033;6.9843;001;157;001157;0;0
158;Montaldo Torinese;montaldo-torinese;45.0664;7.8514;001;158;001158;0;0
159;Montalenghe;montalenghe;45.3384;7.84;001;159;001159;0;0
160;Montalto Dora;montalto-dora;45.4917;7.8639;001;160;001160;0;0
161;Montanaro;montanaro;45.2345;7.8546;001;161;001161;0;0
162;Monteu da Po;monteu-da-po;45.1516;8.0181;001;162;001162;0;0
163;Moriondo Torinese;moriondo-torinese;45.0388;7.9413;001;163;001163;0;0
164;Nichelino;nichelino;44.9951;7.6471;001;164;001164;0;0
165;Noasca;noasca;45.4547;7.3134;001;165;001165;0;0
166;Nole;nole;45.2424;7.5742;001;166;001166;0;0
167;Nomaglio;nomaglio;45.536;7.8603;001;167;001167;0;0
168;None;none;44.9342;7.5413;001;168;001168;0;0
169;Novalesa;novalesa;45.1912;7.0148;001;169;001169;0;0
170;Oglianico;oglianico;45.3434;7.6958;001;170;001170;0;0
171;Orbassano;orbassano;45.0074;7.5374;001;171;001171;0;0
172;Orio Canavese;orio-canavese;45.3303;7.8628;001;172;001172;0;0
173;Osasco;osasco;44.8484;7.3438;001;173;001173;0;0
174;Osasio;osasio;44.8725;7.6092;001;174;001174;0;0
175;Oulx;oulx;45.0333;6.8336;001;175;001175;0;0
176;Ozegna;ozegna;45.35;7.7464;001;176;001176;0;0
177;Palazzo Canavese;palazzo-canavese;45.4586;7.9797;001;177;001177;0;0
178;Pancalieri;pancalieri;44.8346;7.587;001;178;001178;0;0
179;Parella;parella;45.4303;7.7942;001;179;001179;0;0
180;Pavarolo;pavarolo;45.0695;7.8362;001;180;001180;0;0
181;Pavone Canavese;pavone-canavese;45.4354;7.8529;001;181;001181;0;0
182;Pecco;pecco;45.4518;7.7772;001;182;001182;0;0
183;Pecetto Torinese;pecetto-torinese;45.0172;7.7504;001;183;001183;0;0
184;Perosa Argentina;perosa-argentina;44.9569;7.1919;001;184;001184;0;0
185;Perosa Canavese;perosa-canavese;45.3981;7.8321;001;185;001185;0;0
186;Perrero;perrero;44.9383;7.1148;001;186;001186;0;0
187;Pertusio;pertusio;45.3567;7.6427;001;187;001187;0;0
188;Pessinetto;pessinetto;45.2892;7.4039;001;188;001188;0;0
189;Pianezza;pianezza;45.0986;7.5484;001;189;001189;0;0
190;Pinasca;pinasca;44.9424;7.2275;001;190;001190;0;0
191;Pinerolo;pinerolo;44.8846;7.3309;001;191;001191;0;0
192;Pino Torinese;pino-torinese;45.0406;7.7783;001;192;001192;0;0
193;Piobesi Torinese;piobesi-torinese;44.9339;7.6113;001;193;001193;0;0
194;Piossasco;piossasco;44.9911;7.4635;001;194;001194;0;0
195;Piscina;piscina;44.913;7.3647;001;195;001195;0;0
196;Piverone;piverone;45.4474;8.0069;001;196;001196;0;0
197;Poirino;poirino;44.9219;7.8481;001;197;001197;0;0
198;Pomaretto;pomaretto;44.956;7.1829;001;198;001198;0;0
199;Pont-Canavese;pont-canavese;45.4239;7.5974;001;199;001199;0;0
200;Porte;porte;44.8879;7.2703;001;200;001200;0;0
201;Pragelato;pragelato;45.0155;6.942;001;201;001201;0;0
202;Prali;prali;44.8891;7.0489;001;202;001202;0;0
203;Pralormo;pralormo;44.8608;7.9025;001;203;001203;0;0
204;Pramollo;pramollo;44.904;7.2146;001;204;001204;0;0
205;Prarostino;prarostino;44.8666;7.2684;001;205;001205;0;0
206;Prascorsano;prascorsano;45.3688;7.6181;001;206;001206;0;0
207;Pratiglione;pratiglione;45.3536;7.5962;001;207;001207;0;0
208;Quagliuzzo;quagliuzzo;45.4278;7.7834;001;208;001208;0;0
209;Quassolo;quassolo;45.5239;7.8334;001;209;001209;0;0
210;Quincinetto;quincinetto;45.5622;7.8075;001;210;001210;0;0
211;Reano;reano;45.0522;7.4302;001;211;001211;0;0
212;Ribordone;ribordone;45.4332;7.5026;001;212;001212;0;0
213;Rivalba;rivalba;45.1194;7.8892;001;213;001213;0;0
214;Rivalta di Torino;rivalta-di-torino;45.033;7.5232;001;214;001214;0;0
215;Riva presso Chieri;riva-presso-chieri;44.9859;7.8734;001;215;001215;0;0
216;Rivara;rivara;45.3334;7.6258;001;216;001216;0;0
217;Rivarolo Canavese;rivarolo-canavese;45.332;7.7232;001;217;001217;0;0
218;Rivarossa;rivarossa;45.2527;7.7159;001;218;001218;0;0
219;Rivoli;rivoli;45.0705;7.5192;001;219;001219;0;0
220;Robassomero;robassomero;45.2007;7.5686;001;220;001220;0;0
221;Rocca Canavese;rocca-canavese;45.3108;7.5774;001;221;001221;0;0
222;Roletto;roletto;44.9251;7.3309;001;222;001222;0;0
223;Romano Canavese;romano-canavese;45.3902;7.8655;001;223;001223;0;0
224;Ronco Canavese;ronco-canavese;45.4997;7.5473;001;224;001224;0;0
225;Rondissone;rondissone;45.2478;7.9642;001;225;001225;0;0
226;Rora;rora;44.7931;7.2002;001;226;001226;0;0
227;Roure;roure;45.0022;7.1284;001;227;001227;0;0
228;Rosta;rosta;45.0689;7.4663;001;228;001228;0;0
229;Rubiana;rubiana;45.1388;7.3827;001;229;001229;0;0
230;Rueglio;rueglio;45.468;7.7561;001;230;001230;0;0
231;Salassa;salassa;45.3567;7.6903;001;231;001231;0;0
232;Salbertrand;salbertrand;45.0732;6.8842;001;232;001232;0;0
233;Salerano Canavese;salerano-canavese;45.4588;7.8512;001;233;001233;0;0
234;Salza di Pinerolo;salza-di-pinerolo;44.941;7.0536;001;234;001234;0;0
235;Samone;samone;46.0813;11.5212;001;235;001235;0;0
236;San Benigno Canavese;san-benigno-canavese;45.2281;7.7863;001;236;001236;0;0
237;San Carlo Canavese;san-carlo-canavese;45.2456;7.6069;001;237;001237;0;0
238;San Colombano Belmonte;san-colombano-belmonte;45.383;7.623;001;238;001238;0;0
239;San Didero;san-didero;45.1354;7.2147;001;239;001239;0;0
240;San Francesco al Campo;san-francesco-al-campo;45.2295;7.6533;001;240;001240;0;0
241;Sangano;sangano;45.027;7.4505;001;241;001241;0;0
242;San Germano Chisone;san-germano-chisone;44.9031;7.2378;001;242;001242;0;0
243;San Gillio;san-gillio;45.1438;7.5371;001;243;001243;0;0
244;San Giorgio Canavese;san-giorgio-canavese;45.3352;7.798;001;244;001244;0;0
245;San Giorio di Susa;san-giorio-di-susa;45.1292;7.1794;001;245;001245;0;0
246;San Giusto Canavese;san-giusto-canavese;45.3163;7.8103;001;246;001246;0;0
247;San Martino Canavese;san-martino-canavese;45.3961;7.8178;001;247;001247;0;0
248;San Maurizio Canavese;san-maurizio-canavese;45.2181;7.6317;001;248;001248;0;0
249;San Mauro Torinese;san-mauro-torinese;45.1019;7.7656;001;249;001249;0;0
250;San Pietro Val Lemina;san-pietro-val-lemina;44.9075;7.312;001;250;001250;0;0
251;San Ponso;san-ponso;45.3508;7.6709;001;251;001251;0;0
252;San Raffaele Cimena;san-raffaele-cimena;45.1688;7.859;001;252;001252;0;0
253;San Sebastiano da Po;san-sebastiano-da-po;45.1683;7.9583;001;253;001253;0;0
254;San Secondo di Pinerolo;san-secondo-di-pinerolo;44.8675;7.2995;001;254;001254;0;0
255;Sant'Ambrogio di Torino;santambrogio-di-torino;45.0978;7.3622;001;255;001255;0;0
256;Sant'Antonino di Susa;santantonino-di-susa;45.1081;7.2749;001;256;001256;0;0
257;Santena;santena;44.949;7.7728;001;257;001257;0;0
258;Sauze di Cesana;sauze-di-cesana;44.9417;6.8602;001;258;001258;0;0
259;Sauze d'Oulx;sauze-doulx;45.0275;6.8596;001;259;001259;0;0
260;Scalenghe;scalenghe;44.8873;7.4968;001;260;001260;0;0
261;Scarmagno;scarmagno;45.3855;7.8424;001;261;001261;0;0
262;Sciolze;sciolze;45.0942;7.8816;001;262;001262;0;0
263;Sestriere;sestriere;44.9569;6.8801;001;263;001263;0;0
264;Settimo Rottaro;settimo-rottaro;45.4092;7.9938;001;264;001264;0;0
265;Settimo Torinese;settimo-torinese;45.1371;7.7709;001;265;001265;0;0
266;Settimo Vittone;settimo-vittone;45.5508;7.8335;001;266;001266;0;0
267;Sparone;sparone;45.4148;7.5445;001;267;001267;0;0
268;Strambinello;strambinello;45.424;7.7721;001;268;001268;0;0
269;Strambino;strambino;45.3816;7.8848;001;269;001269;0;0
270;Susa;susa;45.1385;7.0484;001;270;001270;0;0
271;Tavagnasco;tavagnasco;45.546;7.8239;001;271;001271;0;0
272;Torino;torino;45.05;7.6667;001;272;001272;1;1
273;Torrazza Piemonte;torrazza-piemonte;45.2164;7.9778;001;273;001273;0;0
274;Torre Canavese;torre-canavese;45.3931;7.7609;001;274;001274;0;0
275;Torre Pellice;torre-pellice;44.8206;7.2237;001;275;001275;0;0
276;Trana;trana;45.04;7.423;001;276;001276;0;0
277;Trausella;trausella;45.4908;7.7632;001;277;001277;0;0
278;Traversella;traversella;45.5096;7.7506;001;278;001278;0;0
279;Traves;traves;45.2683;7.4308;001;279;001279;0;0
280;Trofarello;trofarello;44.9847;7.7464;001;280;001280;0;0
281;Usseaux;usseaux;45.0486;7.0267;001;281;001281;0;0
282;Usseglio;usseglio;45.2328;7.2172;001;282;001282;0;0
283;Vaie;vaie;45.1016;7.2898;001;283;001283;0;0
284;Val della Torre;val-della-torre;45.1563;7.4463;001;284;001284;0;0
285;Valgioie;valgioie;45.0761;7.3407;001;285;001285;0;0
286;Vallo Torinese;vallo-torinese;45.2245;7.4975;001;286;001286;0;0
287;Valperga;valperga;45.3701;7.6579;001;287;001287;0;0
288;Valprato Soana;valprato-soana;45.5222;7.5502;001;288;001288;0;0
289;Varisella;varisella;45.2096;7.4861;001;289;001289;0;0
290;Vauda Canavese;vauda-canavese;45.2792;7.6164;001;290;001290;0;0
291;Venaus;venaus;45.1596;7.0092;001;291;001291;0;0
292;Venaria Reale;venaria-reale;45.1342;7.629;001;292;001292;0;0
293;Verolengo;verolengo;45.1911;7.9694;001;293;001293;0;0
294;Verrua Savoia;verrua-savoia;45.1578;8.0935;001;294;001294;0;0
295;Vestigne;vestigne;45.3867;7.9559;001;295;001295;0;0
296;Vialfre;vialfre;45.3812;7.8177;001;296;001296;0;0
297;Vico Canavese;vico-canavese;45.397;7.4668;001;297;001297;0;0
298;Vidracco;vidracco;45.4317;7.7586;001;298;001298;0;0
299;Vigone;vigone;44.8455;7.4961;001;299;001299;0;0
300;Villafranca Piemonte;villafranca-piemonte;44.78;7.5016;001;300;001300;0;0
301;Villanova Canavese;villanova-canavese;45.2445;7.5533;001;301;001301;0;0
302;Villarbasse;villarbasse;45.0463;7.4695;001;302;001302;0;0
303;Villar Dora;villar-dora;45.1156;7.3847;001;303;001303;0;0
304;Villareggia;villareggia;45.3111;7.9778;001;304;001304;0;0
305;Villar Focchiardo;villar-focchiardo;45.1103;7.2328;001;305;001305;0;0
306;Villar Pellice;villar-pellice;44.8094;7.1533;001;306;001306;0;0
307;Villar Perosa;villar-perosa;44.9193;7.2481;001;307;001307;0;0
308;Villastellone;villastellone;44.9218;7.7446;001;308;001308;0;0
309;Vinovo;vinovo;44.9482;7.6338;001;309;001309;0;0
310;Virle Piemonte;virle-piemonte;44.8656;7.5713;001;310;001310;0;0
311;Vische;vische;45.3352;7.9459;001;311;001311;0;0
312;Vistrorio;vistrorio;45.443;7.7685;001;312;001312;0;0
313;Viu;viu;45.2389;7.3766;001;313;001313;0;0
314;Volpiano;volpiano;45.2015;7.7773;001;314;001314;0;0
315;Volvera;volvera;44.956;7.5125;001;315;001315;0;0
316;Alagna Valsesia;alagna-valsesia;45.8542;7.9374;002;002;002002;0;0
317;Albano Vercellese;albano-vercellese;45.4272;8.3807;002;003;002003;0;0
318;Alice Castello;alice-castello;45.3663;8.0741;002;004;002004;0;0
319;Arborio;arborio;45.4959;8.3864;002;006;002006;0;0
320;Asigliano Vercellese;asigliano-vercellese;45.2625;8.4097;002;007;002007;0;0
321;Balmuccia;balmuccia;45.8189;8.1427;002;008;002008;0;0
322;Balocco;balocco;45.4562;8.2813;002;009;002009;0;0
323;Bianze;bianze;45.3096;8.1238;002;011;002011;0;0
324;Boccioleto;boccioleto;45.8302;8.113;002;014;002014;0;0
325;Borgo d'Ale;borgo-dale;45.3527;8.0519;002;015;002015;0;0
326;Borgosesia;borgosesia;45.7153;8.2772;002;016;002016;0;0
327;Borgo Vercelli;borgo-vercelli;45.3589;8.4642;002;017;002017;0;0
328;Breia;breia;45.7667;8.3108;002;019;002019;0;0
329;Buronzo;buronzo;45.4819;8.2683;002;021;002021;0;0
330;Campertogno;campertogno;45.7999;8.0333;002;025;002025;0;0
331;Carcoforo;carcoforo;45.9096;8.0457;002;029;002029;0;0
332;Caresana;caresana;45.2219;8.5064;002;030;002030;0;0
333;Caresanablot;caresanablot;45.3585;8.3931;002;031;002031;0;0
334;Carisio;carisio;45.4103;8.2002;002;032;002032;0;0
335;Casanova Elvo;casanova-elvo;45.402;8.2947;002;033;002033;0;0
336;San Giacomo Vercellese;san-giacomo-vercellese;45.4992;8.3278;002;035;002035;0;0
337;Cellio;cellio;45.7571;8.3117;002;038;002038;0;0
338;Cervatto;cervatto;45.8829;8.1633;002;041;002041;0;0
339;Cigliano;cigliano;45.3094;8.0222;002;042;002042;0;0
340;Civiasco;civiasco;45.8069;8.2932;002;043;002043;0;0
341;Collobiano;collobiano;45.397;8.3493;002;045;002045;0;0
342;Costanzana;costanzana;45.2372;8.3711;002;047;002047;0;0
343;Cravagliana;cravagliana;45.8485;8.203;002;048;002048;0;0
344;Crescentino;crescentino;45.1914;8.1011;002;049;002049;0;0
345;Crova;crova;45.3317;8.2121;002;052;002052;0;0
346;Desana;desana;45.2706;8.361;002;054;002054;0;0
347;Fobello;fobello;45.8902;8.1578;002;057;002057;0;0
348;Fontanetto Po;fontanetto-po;45.1942;8.1927;002;058;002058;0;0
349;Formigliana;formigliana;45.4294;8.2928;002;059;002059;0;0
350;Gattinara;gattinara;45.6189;8.3686;002;061;002061;0;0
351;Ghislarengo;ghislarengo;45.53;8.3863;002;062;002062;0;0
352;Greggio;greggio;45.4517;8.3842;002;065;002065;0;0
353;Guardabosone;guardabosone;45.702;8.2493;002;066;002066;0;0
354;Lamporo;lamporo;45.2306;8.0974;002;067;002067;0;0
355;Lenta;lenta;45.556;8.3836;002;068;002068;0;0
356;Lignana;lignana;45.287;8.345;002;070;002070;0;0
357;Livorno Ferraris;livorno-ferraris;45.285;8.0786;002;071;002071;0;0
358;Lozzolo;lozzolo;45.6265;8.324;002;072;002072;0;0
359;Mollia;mollia;45.8151;8.0308;002;078;002078;0;0
360;Moncrivello;moncrivello;45.3335;7.9967;002;079;002079;0;0
361;Motta de' Conti;motta-de-conti;45.1945;8.522;002;082;002082;0;0
362;Olcenengo;olcenengo;45.3646;8.3109;002;088;002088;0;0
363;Oldenico;oldenico;45.4038;8.3822;002;089;002089;0;0
364;Palazzolo Vercellese;palazzolo-vercellese;45.1856;8.2308;002;090;002090;0;0
365;Pertengo;pertengo;45.236;8.4176;002;091;002091;0;0
366;Pezzana;pezzana;45.2631;8.4863;002;093;002093;0;0
367;Pila;pila;45.7705;8.0833;002;096;002096;0;0
368;Piode;piode;45.772;8.0517;002;097;002097;0;0
369;Postua;postua;45.7139;8.2317;002;102;002102;0;0
370;Prarolo;prarolo;45.281;8.4777;002;104;002104;0;0
371;Quarona;quarona;45.7589;8.2669;002;107;002107;0;0
372;Quinto Vercellese;quinto-vercellese;45.3806;8.3628;002;108;002108;0;0
373;Rassa;rassa;45.7684;8.012;002;110;002110;0;0
374;Rima San Giuseppe;rima-san-giuseppe;45.8847;7.9989;002;111;002111;0;0
375;Rimasco;rimasco;45.86;8.0639;002;112;002112;0;0
376;Rimella;rimella;45.9091;8.1835;002;113;002113;0;0
377;Riva Valdobbia;riva-valdobbia;45.832;7.9578;002;114;002114;0;0
378;Rive;rive;45.2152;8.4188;002;115;002115;0;0
379;Roasio;roasio;45.6058;8.2871;002;116;002116;0;0
380;Ronsecco;ronsecco;45.2531;8.2781;002;118;002118;0;0
381;Rossa;rossa;45.833;8.1206;002;121;002121;0;0
382;Rovasenda;rovasenda;45.5399;8.3188;002;122;002122;0;0
383;Sabbia;sabbia;45.857;8.2361;002;123;002123;0;0
384;Salasco;salasco;45.3259;8.2652;002;126;002126;0;0
385;Sali Vercellese;sali-vercellese;45.311;8.33;002;127;002127;0;0
386;Saluggia;saluggia;45.2386;8.0122;002;128;002128;0;0
387;San Germano Vercellese;san-germano-vercellese;45.3514;8.2489;002;131;002131;0;0
388;Santhia;santhia;45.3674;8.1738;002;133;002133;0;0
389;Scopa;scopa;45.7939;8.1152;002;134;002134;0;0
390;Scopello;scopello;45.7736;8.096;002;135;002135;0;0
391;Serravalle Sesia;serravalle-sesia;45.6875;8.3094;002;137;002137;0;0
392;Stroppiana;stroppiana;45.2312;8.455;002;142;002142;0;0
393;Tricerro;tricerro;45.2367;8.3264;002;147;002147;0;0
394;Trino;trino;45.1931;8.2974;002;148;002148;0;0
395;Tronzano Vercellese;tronzano-vercellese;45.3424;8.1742;002;150;002150;0;0
396;Valduggia;valduggia;45.7294;8.3311;002;152;002152;0;0
397;Varallo;varallo;45.8138;8.2535;002;156;002156;0;0
398;Vercelli;vercelli;45.321;8.4263;002;158;002158;1;0
399;Villarboit;villarboit;45.4385;8.3384;002;163;002163;0;0
400;Villata;villata;45.3888;8.4338;002;164;002164;0;0
401;Vocca;vocca;45.8328;8.1958;002;166;002166;0;0
402;Agrate Conturbia;agrate-conturbia;45.6774;8.5584;003;001;003001;0;0
403;Ameno;ameno;45.7897;8.442;003;002;003002;0;0
404;Armeno;armeno;45.8225;8.44;003;006;003006;0;0
405;Arona;arona;45.757;8.56;003;008;003008;0;0
406;Barengo;barengo;45.577;8.5152;003;012;003012;0;0
407;Bellinzago Novarese;bellinzago-novarese;45.5699;8.6444;003;016;003016;0;0
408;Biandrate;biandrate;45.4538;8.4636;003;018;003018;0;0
409;Boca;boca;45.6796;8.4093;003;019;003019;0;0
410;Bogogno;bogogno;45.6644;8.5357;003;021;003021;0;0
411;Bolzano Novarese;bolzano-novarese;45.765;8.4461;003;022;003022;0;0
412;Borgolavezzaro;borgolavezzaro;45.3206;8.7006;003;023;003023;0;0
413;Borgomanero;borgomanero;45.6987;8.4626;003;024;003024;0;0
414;Borgo Ticino;borgo-ticino;45.6903;8.603;003;025;003025;0;0
415;Briga Novarese;briga-novarese;45.7333;8.4509;003;026;003026;0;0
416;Briona;briona;45.5434;8.481;003;027;003027;0;0
417;Caltignaga;caltignaga;45.5199;8.5899;003;030;003030;0;0
418;Cameri;cameri;45.5042;8.6639;003;032;003032;0;0
419;Carpignano Sesia;carpignano-sesia;45.5353;8.4195;003;036;003036;0;0
420;Casalbeltrame;casalbeltrame;45.4388;8.4663;003;037;003037;0;0
421;Casaleggio Novara;casaleggio-novara;45.4899;8.4931;003;039;003039;0;0
422;Casalino;casalino;45.3594;8.525;003;040;003040;0;0
423;Casalvolone;casalvolone;45.4017;8.4645;003;041;003041;0;0
424;Castellazzo Novarese;castellazzo-novarese;45.5144;8.4881;003;042;003042;0;0
425;Castelletto sopra Ticino;castelletto-sopra-ticino;45.7187;8.6368;003;043;003043;0;0
426;Cavaglietto;cavaglietto;45.6031;8.5033;003;044;003044;0;0
427;Cavaglio d'Agogna;cavaglio-dagogna;45.6142;8.4874;003;045;003045;0;0
428;Cavallirio;cavallirio;45.6644;8.3956;003;047;003047;0;0
429;Cerano;cerano;45.412;8.7813;003;049;003049;0;0
430;Colazza;colazza;45.7936;8.5014;003;051;003051;0;0
431;Comignago;comignago;45.716;8.5652;003;052;003052;0;0
432;Cressa;cressa;45.6492;8.5102;003;055;003055;0;0
433;Cureggio;cureggio;45.676;8.461;003;058;003058;0;0
434;Divignano;divignano;45.6635;8.6028;003;060;003060;0;0
435;Dormelletto;dormelletto;45.7272;8.5803;003;062;003062;0;0
436;Fara Novarese;fara-novarese;45.5528;8.4599;003;065;003065;0;0
437;Fontaneto d'Agogna;fontaneto-dagogna;45.6583;8.4803;003;066;003066;0;0
438;Galliate;galliate;45.4781;8.696;003;068;003068;0;0
439;Garbagna Novarese;garbagna-novarese;45.3851;8.6608;003;069;003069;0;0
440;Gargallo;gargallo;45.7299;8.4264;003;070;003070;0;0
441;Gattico;gattico;45.7081;8.5213;003;071;003071;0;0
442;Ghemme;ghemme;45.6006;8.4227;003;073;003073;0;0
443;Gozzano;gozzano;45.7475;8.4378;003;076;003076;0;0
444;Granozzo con Monticello;granozzo-con-monticello;45.3613;8.5746;003;077;003077;0;0
445;Grignasco;grignasco;45.6808;8.3442;003;079;003079;0;0
446;Invorio;invorio;45.7579;8.4895;003;082;003082;0;0
447;Landiona;landiona;45.4975;8.4234;003;083;003083;0;0
448;Lesa;lesa;45.8241;8.5609;003;084;003084;0;0
449;Maggiora;maggiora;45.6903;8.4234;003;088;003088;0;0
450;Mandello Vitta;mandello-vitta;45.4967;8.4609;003;090;003090;0;0
451;Marano Ticino;marano-ticino;45.631;8.6328;003;091;003091;0;0
452;Massino Visconti;massino-visconti;45.8222;8.54;003;093;003093;0;0
453;Meina;meina;45.7899;8.54;003;095;003095;0;0
454;Mezzomerico;mezzomerico;45.6197;8.6067;003;097;003097;0;0
455;Miasino;miasino;45.803;8.431;003;098;003098;0;0
456;Momo;momo;45.5766;8.5545;003;100;003100;0;0
457;Nebbiuno;nebbiuno;45.8044;8.5234;003;103;003103;0;0
458;Nibbiola;nibbiola;45.3727;8.6575;003;104;003104;0;0
459;Novara;novara;45.4451;8.6187;003;106;003106;1;0
460;Oleggio;oleggio;45.5967;8.6376;003;108;003108;0;0
461;Oleggio Castello;oleggio-castello;45.7485;8.5269;003;109;003109;0;0
462;Orta San Giulio;orta-san-giulio;45.7989;8.4199;003;112;003112;0;0
463;Paruzzaro;paruzzaro;45.7497;8.5177;003;114;003114;0;0
464;Pella;pella;45.8001;8.3859;003;115;003115;0;0
465;Pettenasco;pettenasco;45.8175;8.4081;003;116;003116;0;0
466;Pisano;pisano;45.7936;8.5115;003;119;003119;0;0
467;Pogno;pogno;45.7566;8.3858;003;120;003120;0;0
468;Pombia;pombia;45.652;8.6335;003;121;003121;0;0
469;Prato Sesia;prato-sesia;45.6474;8.3738;003;122;003122;0;0
470;Recetto;recetto;45.4614;8.4369;003;129;003129;0;0
471;Romagnano Sesia;romagnano-sesia;45.632;8.3899;003;130;003130;0;0
472;Romentino;romentino;45.465;8.7202;003;131;003131;0;0
473;San Maurizio d'Opaglio;san-maurizio-dopaglio;45.7722;8.3988;003;133;003133;0;0
474;San Nazzaro Sesia;san-nazzaro-sesia;45.4389;8.4255;003;134;003134;0;0
475;San Pietro Mosezzo;san-pietro-mosezzo;45.4659;8.5242;003;135;003135;0;0
476;Sillavengo;sillavengo;45.5217;8.4422;003;138;003138;0;0
477;Sizzano;sizzano;45.5779;8.4379;003;139;003139;0;0
478;Soriso;soriso;45.7414;8.4106;003;140;003140;0;0
479;Sozzago;sozzago;45.3995;8.7209;003;141;003141;0;0
480;Suno;suno;45.6344;8.5439;003;143;003143;0;0
481;Terdobbiate;terdobbiate;45.3775;8.6964;003;144;003144;0;0
482;Tornaco;tornaco;45.3586;8.717;003;146;003146;0;0
483;Trecate;trecate;45.4327;8.7382;003;149;003149;0;0
484;Vaprio d'Agogna;vaprio-dagogna;45.6047;8.5547;003;153;003153;0;0
485;Varallo Pombia;varallo-pombia;45.6678;8.63;003;154;003154;0;0
486;Veruno;veruno;45.6898;8.5299;003;157;003157;0;0
487;Vespolate;vespolate;45.3514;8.6689;003;158;003158;0;0
488;Vicolungo;vicolungo;45.4786;8.4639;003;159;003159;0;0
489;Vinzaglio;vinzaglio;45.3239;8.5203;003;164;003164;0;0
490;Acceglio;acceglio;44.4752;6.9907;004;001;004001;0;0
491;Aisone;aisone;44.3135;7.2191;004;002;004002;0;0
492;Alba;alba;44.7009;8.0353;004;003;004003;0;0
493;Albaretto della Torre;albaretto-della-torre;44.5968;8.0645;004;004;004004;0;0
494;Alto;alto;44.1089;8.0028;004;005;004005;0;0
495;Argentera;argentera;44.8898;6.9341;004;006;004006;0;0
496;Arguello;arguello;44.5831;8.1086;004;007;004007;0;0
497;Bagnasco;bagnasco;44.3073;8.0463;004;008;004008;0;0
498;Bagnolo Piemonte;bagnolo-piemonte;44.7616;7.315;004;009;004009;0;0
499;Baldissero d'Alba;baldissero-dalba;44.7639;7.9086;004;010;004010;0;0
500;Barbaresco;barbaresco;44.725;8.0809;004;011;004011;0;0
501;Barge;barge;44.7253;7.3242;004;012;004012;0;0
502;Barolo;barolo;44.6104;7.9426;004;013;004013;0;0
503;Bastia Mondovi;bastia-mondovi;44.443;7.8956;004;014;004014;0;0
504;Battifollo;battifollo;44.3215;8.0071;004;015;004015;0;0
505;Beinette;beinette;44.366;7.6478;004;016;004016;0;0
506;Bellino;bellino;44.5805;7.0172;004;017;004017;0;0
507;Belvedere Langhe;belvedere-langhe;44.4946;7.9721;004;018;004018;0;0
508;Bene Vagienna;bene-vagienna;44.5444;7.8296;004;019;004019;0;0
509;Benevello;benevello;44.631;8.1053;004;020;004020;0;0
510;Bergolo;bergolo;44.5488;8.1843;004;021;004021;0;0
511;Bernezzo;bernezzo;44.3863;7.4366;004;022;004022;0;0
512;Bonvicino;bonvicino;44.5047;8.0171;004;023;004023;0;0
513;Borgomale;borgomale;44.6215;8.1324;004;024;004024;0;0
514;Borgo San Dalmazzo;borgo-san-dalmazzo;44.3296;7.4885;004;025;004025;0;0
515;Bosia;bosia;44.6025;8.1479;004;026;004026;0;0
516;Bossolasco;bossolasco;44.5292;8.0521;004;027;004027;0;0
517;Boves;boves;44.3292;7.5518;004;028;004028;0;0
518;Bra;bra;44.6978;7.8545;004;029;004029;0;0
519;Briaglia;briaglia;44.3951;7.8769;004;030;004030;0;0
520;Briga Alta;briga-alta;44.0834;7.7495;004;031;004031;0;0
521;Brondello;brondello;44.6017;7.407;004;032;004032;0;0
522;Brossasco;brossasco;44.5697;7.3628;004;033;004033;0;0
523;Busca;busca;45.1347;9.2169;004;034;004034;0;0
524;Camerana;camerana;44.4228;8.1406;004;035;004035;0;0
525;Camo;camo;44.6954;8.1949;004;036;004036;0;0
526;Canale;canale;42.6888;12.1338;004;037;004037;0;0
527;Canosio;canosio;44.4556;7.0824;004;038;004038;0;0
528;Caprauna;caprauna;44.117;7.9559;004;039;004039;0;0
529;Caraglio;caraglio;44.4205;7.4341;004;040;004040;0;0
530;Caramagna Piemonte;caramagna-piemonte;44.7803;7.739;004;041;004041;0;0
531;Carde;carde;44.7455;7.4788;004;042;004042;0;0
532;Carru;carru;44.4796;7.8771;004;043;004043;0;0
533;Cartignano;cartignano;44.4789;7.2861;004;044;004044;0;0
534;Casalgrasso;casalgrasso;44.8183;7.626;004;045;004045;0;0
535;Castagnito;castagnito;44.7564;8.0325;004;046;004046;0;0
536;Casteldelfino;casteldelfino;44.5906;7.0709;004;047;004047;0;0
537;Castellar;castellar;44.6217;7.4373;004;048;004048;0;0
538;Castelletto Stura;castelletto-stura;44.4448;7.6403;004;049;004049;0;0
539;Castelletto Uzzone;castelletto-uzzone;44.499;8.1879;004;050;004050;0;0
540;Castellinaldo;castellinaldo;44.776;8.031;004;051;004051;0;0
541;Castellino Tanaro;castellino-tanaro;44.4281;7.9813;004;052;004052;0;0
542;Castelmagno;castelmagno;44.4088;7.2122;004;053;004053;0;0
543;Castelnuovo di Ceva;castelnuovo-di-ceva;44.3541;8.1293;004;054;004054;0;0
544;Castiglione Falletto;castiglione-falletto;44.6236;7.9764;004;055;004055;0;0
545;Castiglione Tinella;castiglione-tinella;44.7264;8.1913;004;056;004056;0;0
546;Castino;castino;44.6189;8.1836;004;057;004057;0;0
547;Cavallerleone;cavallerleone;44.7413;7.665;004;058;004058;0;0
548;Cavallermaggiore;cavallermaggiore;44.711;7.6875;004;059;004059;0;0
549;Celle di Macra;celle-di-macra;44.4828;7.1806;004;060;004060;0;0
550;Centallo;centallo;44.5036;7.5864;004;061;004061;0;0
551;Ceresole Alba;ceresole-alba;44.8008;7.8236;004;062;004062;0;0
552;Cerretto Langhe;cerretto-langhe;44.5755;8.0986;004;063;004063;0;0
553;Cervasca;cervasca;44.382;7.4724;004;064;004064;0;0
554;Cervere;cervere;44.6364;7.7931;004;065;004065;0;0
555;Ceva;ceva;44.3874;8.035;004;066;004066;0;0
556;Cherasco;cherasco;44.6516;7.8583;004;067;004067;0;0
557;Chiusa di Pesio;chiusa-di-pesio;44.3235;7.677;004;068;004068;0;0
558;Ciglie;ciglie;44.4375;7.9277;004;069;004069;0;0
559;Cissone;cissone;44.5625;8.0308;004;070;004070;0;0
560;Clavesana;clavesana;44.4834;7.9018;004;071;004071;0;0
561;Corneliano d'Alba;corneliano-dalba;44.7372;7.9585;004;072;004072;0;0
562;Cortemilia;cortemilia;44.5798;8.1913;004;073;004073;0;0
563;Cossano Belbo;cossano-belbo;44.6698;8.1993;004;074;004074;0;0
564;Costigliole Saluzzo;costigliole-saluzzo;44.5656;7.4866;004;075;004075;0;0
565;Cravanzana;cravanzana;44.5736;8.1284;004;076;004076;0;0
566;Crissolo;crissolo;44.6986;7.1587;004;077;004077;0;0
567;Cuneo;cuneo;44.3888;7.5471;004;078;004078;1;0
568;Demonte;demonte;44.3151;7.2954;004;079;004079;0;0
569;Diano d'Alba;diano-dalba;44.6511;8.0284;004;080;004080;0;0
570;Dogliani;dogliani;44.5306;7.9459;004;081;004081;0;0
571;Dronero;dronero;44.4667;7.3525;004;082;004082;0;0
572;Elva;elva;44.5399;7.0898;004;083;004083;0;0
573;Entracque;entracque;44.2406;7.3976;004;084;004084;0;0
574;Envie;envie;44.6833;7.3724;004;085;004085;0;0
575;Farigliano;farigliano;44.5112;7.9162;004;086;004086;0;0
576;Faule;faule;44.807;7.5823;004;087;004087;0;0
577;Feisoglio;feisoglio;44.5449;8.1061;004;088;004088;0;0
578;Fossano;fossano;44.55;7.7238;004;089;004089;0;0
579;Frabosa Soprana;frabosa-soprana;44.2887;7.8062;004;090;004090;0;0
580;Frabosa Sottana;frabosa-sottana;44.3019;7.7979;004;091;004091;0;0
581;Frassino;frassino;44.5727;7.2772;004;092;004092;0;0
582;Gaiola;gaiola;44.3362;7.4081;004;093;004093;0;0
583;Gambasca;gambasca;44.6299;7.3484;004;094;004094;0;0
584;Garessio;garessio;44.2062;8.0153;004;095;004095;0;0
585;Genola;genola;44.5896;7.6654;004;096;004096;0;0
586;Gorzegno;gorzegno;44.5124;8.1346;004;097;004097;0;0
587;Gottasecca;gottasecca;44.4614;8.1684;004;098;004098;0;0
588;Govone;govone;44.8051;8.0951;004;099;004099;0;0
589;Grinzane Cavour;grinzane-cavour;44.6566;7.9817;004;100;004100;0;0
590;Guarene;guarene;44.7407;8.0341;004;101;004101;0;0
591;Igliano;igliano;44.4438;8.0137;004;102;004102;0;0
592;Isasca;isasca;44.5874;7.3809;004;103;004103;0;0
593;Lagnasco;lagnasco;44.6261;7.5559;004;104;004104;0;0
594;La Morra;la-morra;44.6396;7.9338;004;105;004105;0;0
595;Lequio Berria;lequio-berria;44.6075;8.0981;004;106;004106;0;0
596;Lequio Tanaro;lequio-tanaro;44.5601;7.8847;004;107;004107;0;0
597;Lesegno;lesegno;44.4017;7.9656;004;108;004108;0;0
598;Levice;levice;44.5388;8.1562;004;109;004109;0;0
599;Limone Piemonte;limone-piemonte;44.2014;7.5762;004;110;004110;0;0
600;Lisio;lisio;44.3078;7.9785;004;111;004111;0;0
601;Macra;macra;44.5013;7.1806;004;112;004112;0;0
602;Magliano Alfieri;magliano-alfieri;44.7703;8.0713;004;113;004113;0;0
603;Magliano Alpi;magliano-alpi;44.4606;7.8064;004;114;004114;0;0
604;Mango;mango;44.6867;8.1518;004;115;004115;0;0
605;Manta;manta;44.6169;7.4881;004;116;004116;0;0
606;Marene;marene;44.6627;7.7335;004;117;004117;0;0
607;Margarita;margarita;44.4046;7.6861;004;118;004118;0;0
608;Marmora;marmora;44.4581;7.0935;004;119;004119;0;0
609;Marsaglia;marsaglia;44.7128;9.3831;004;120;004120;0;0
610;Martiniana Po;martiniana-po;44.6274;7.3673;004;121;004121;0;0
611;Melle;melle;44.5627;7.3214;004;122;004122;0;0
612;Moiola;moiola;44.3225;7.3902;004;123;004123;0;0
613;Mombarcaro;mombarcaro;44.4682;8.0867;004;124;004124;0;0
614;Mombasiglio;mombasiglio;44.3677;7.9691;004;125;004125;0;0
615;Monastero di Vasco;monastero-di-vasco;44.3408;7.8228;004;126;004126;0;0
616;Monasterolo Casotto;monasterolo-casotto;44.3255;7.9455;004;127;004127;0;0
617;Monasterolo di Savigliano;monasterolo-di-savigliano;44.6874;7.6206;004;128;004128;0;0
618;Monchiero;monchiero;44.5729;7.9171;004;129;004129;0;0
619;Mondovi;mondovi;44.3896;7.8206;004;130;004130;0;0
620;Monesiglio;monesiglio;44.4657;8.1189;004;131;004131;0;0
621;Monforte d'Alba;monforte-dalba;44.5831;7.9678;004;132;004132;0;0
622;Monta;monta;44.8147;7.9585;004;133;004133;0;0
623;Montaldo di Mondovi;montaldo-di-mondovi;44.3195;7.8653;004;134;004134;0;0
624;Montaldo Roero;montaldo-roero;44.7694;7.9259;004;135;004135;0;0
625;Montanera;montanera;44.4633;7.6667;004;136;004136;0;0
626;Montelupo Albese;montelupo-albese;44.622;8.0479;004;137;004137;0;0
627;Montemale di Cuneo;montemale-di-cuneo;44.4373;7.3749;004;138;004138;0;0
628;Monterosso Grana;monterosso-grana;44.4092;7.3241;004;139;004139;0;0
629;Monteu Roero;monteu-roero;44.7803;7.9375;004;140;004140;0;0
630;Montezemolo;montezemolo;44.3781;8.1414;004;141;004141;0;0
631;Monticello d'Alba;monticello-dalba;44.719;7.9437;004;142;004142;0;0
632;Moretta;moretta;44.7648;7.5383;004;143;004143;0;0
633;Morozzo;morozzo;44.4231;7.7101;004;144;004144;0;0
634;Murazzano;murazzano;44.474;8.0205;004;145;004145;0;0
635;Murello;murello;44.7531;7.602;004;146;004146;0;0
636;Narzole;narzole;44.5964;7.8709;004;147;004147;0;0
637;Neive;neive;44.7264;8.1158;004;148;004148;0;0
638;Neviglie;neviglie;44.6922;8.118;004;149;004149;0;0
639;Niella Belbo;niella-belbo;44.5138;8.0805;004;150;004150;0;0
640;Niella Tanaro;niella-tanaro;44.4138;7.9235;004;151;004151;0;0
641;Novello;novello;44.5888;7.9275;004;152;004152;0;0
642;Nucetto;nucetto;44.3419;8.061;004;153;004153;0;0
643;Oncino;oncino;44.6762;7.1905;004;154;004154;0;0
644;Ormea;ormea;44.1485;7.9136;004;155;004155;0;0
645;Ostana;ostana;44.6931;7.1868;004;156;004156;0;0
646;Paesana;paesana;44.6863;7.2759;004;157;004157;0;0
647;Pagno;pagno;44.6128;7.4269;004;158;004158;0;0
648;Pamparato;pamparato;44.2777;7.9136;004;159;004159;0;0
649;Paroldo;paroldo;44.4331;8.0736;004;160;004160;0;0
650;Perletto;perletto;44.6003;8.2142;004;161;004161;0;0
651;Perlo;perlo;44.3328;8.0836;004;162;004162;0;0
652;Peveragno;peveragno;44.3325;7.6209;004;163;004163;0;0
653;Pezzolo Valle Uzzone;pezzolo-valle-uzzone;44.5398;8.1948;004;164;004164;0;0
654;Pianfei;pianfei;44.3731;7.7125;004;165;004165;0;0
655;Piasco;piasco;44.5641;7.455;004;166;004166;0;0
656;Pietraporzio;pietraporzio;44.3445;7.0318;004;167;004167;0;0
657;Piobesi d'Alba;piobesi-dalba;44.7363;7.9808;004;168;004168;0;0
658;Piozzo;piozzo;44.5148;7.8938;004;169;004169;0;0
659;Pocapaglia;pocapaglia;44.7162;7.8841;004;170;004170;0;0
660;Polonghera;polonghera;44.8035;7.5969;004;171;004171;0;0
661;Pontechianale;pontechianale;44.647;6.9989;004;172;004172;0;0
662;Pradleves;pradleves;44.4188;7.2814;004;173;004173;0;0
663;Prazzo;prazzo;44.4832;7.056;004;174;004174;0;0
664;Priero;priero;44.3754;8.0958;004;175;004175;0;0
665;Priocca;priocca;44.7874;8.0653;004;176;004176;0;0
666;Priola;priola;44.2447;8.0224;004;177;004177;0;0
667;Prunetto;prunetto;44.4912;8.1449;004;178;004178;0;0
668;Racconigi;racconigi;44.7711;7.6841;004;179;004179;0;0
669;Revello;revello;44.6556;7.3927;004;180;004180;0;0
670;Rifreddo;rifreddo;40.5738;15.8267;004;181;004181;0;0
671;Rittana;rittana;44.3512;7.3985;004;182;004182;0;0
672;Roaschia;roaschia;44.2702;7.4543;004;183;004183;0;0
673;Roascio;roascio;44.4153;8.0295;004;184;004184;0;0
674;Robilante;robilante;44.2945;7.5113;004;185;004185;0;0
675;Roburent;roburent;44.3078;7.8923;004;186;004186;0;0
676;Roccabruna;roccabruna;44.4806;7.3363;004;187;004187;0;0
677;Rocca Ciglie;rocca-ciglie;44.4467;7.9508;004;188;004188;0;0
678;Rocca de' Baldi;rocca-de-baldi;44.4243;7.7619;004;189;004189;0;0
679;Roccaforte Mondovi;roccaforte-mondovi;44.3189;7.746;004;190;004190;0;0
680;Roccasparvera;roccasparvera;44.3414;7.4414;004;191;004191;0;0
681;Roccavione;roccavione;44.3156;7.4836;004;192;004192;0;0
682;Rocchetta Belbo;rocchetta-belbo;44.637;8.1764;004;193;004193;0;0
683;Roddi;roddi;44.6806;7.9766;004;194;004194;0;0
684;Roddino;roddino;44.5739;8.0191;004;195;004195;0;0
685;Rodello;rodello;44.6295;8.058;004;196;004196;0;0
686;Rossana;rossana;44.5441;7.4324;004;197;004197;0;0
687;Ruffia;ruffia;44.7077;7.6052;004;198;004198;0;0
688;Sale delle Langhe;sale-delle-langhe;44.3962;8.0813;004;199;004199;0;0
689;Sale San Giovanni;sale-san-giovanni;44.4002;8.0791;004;200;004200;0;0
690;Saliceto;saliceto;44.4144;8.1699;004;201;004201;0;0
691;Salmour;salmour;44.5786;7.7932;004;202;004202;0;0
692;Saluzzo;saluzzo;44.6446;7.4926;004;203;004203;0;0
693;Sambuco;sambuco;44.3371;7.079;004;204;004204;0;0
694;Sampeyre;sampeyre;44.5793;7.1878;004;205;004205;0;0
695;San Benedetto Belbo;san-benedetto-belbo;44.4913;8.0589;004;206;004206;0;0
696;San Damiano Macra;san-damiano-macra;44.4889;7.2576;004;207;004207;0;0
697;Sanfre;sanfre;44.7509;7.8038;004;208;004208;0;0
698;Sanfront;sanfront;44.6481;7.3222;004;209;004209;0;0
699;San Michele Mondovi;san-michele-mondovi;44.3781;7.9122;004;210;004210;0;0
700;Sant'Albano Stura;santalbano-stura;44.51;7.7234;004;211;004211;0;0
701;Santa Vittoria d'Alba;santa-vittoria-dalba;44.6997;7.9384;004;212;004212;0;0
702;Santo Stefano Belbo;santo-stefano-belbo;44.7085;8.2302;004;213;004213;0;0
703;Santo Stefano Roero;santo-stefano-roero;44.7891;7.9408;004;214;004214;0;0
704;Savigliano;savigliano;44.648;7.6584;004;215;004215;0;0
705;Scagnello;scagnello;44.3342;7.9847;004;216;004216;0;0
706;Scarnafigi;scarnafigi;44.6799;7.567;004;217;004217;0;0
707;Serralunga d'Alba;serralunga-dalba;44.6111;8.0006;004;218;004218;0;0
708;Serravalle Langhe;serravalle-langhe;44.5601;8.0584;004;219;004219;0;0
709;Sinio;sinio;44.6012;8.0218;004;220;004220;0;0
710;Somano;somano;44.5364;8.0089;004;221;004221;0;0
711;Sommariva del Bosco;sommariva-del-bosco;44.7699;7.7864;004;222;004222;0;0
712;Sommariva Perno;sommariva-perno;44.7467;7.9017;004;223;004223;0;0
713;Stroppo;stroppo;44.5058;7.1267;004;224;004224;0;0
714;Tarantasca;tarantasca;44.4945;7.5447;004;225;004225;0;0
715;Torre Bormida;torre-bormida;44.5631;8.1569;004;226;004226;0;0
716;Torre Mondovi;torre-mondovi;44.3539;7.9008;004;227;004227;0;0
717;Torre San Giorgio;torre-san-giorgio;44.7367;7.5292;004;228;004228;0;0
718;Torresina;torresina;44.4347;8.0378;004;229;004229;0;0
719;Treiso;treiso;44.6894;8.0869;004;230;004230;0;0
720;Trezzo Tinella;trezzo-tinella;44.6779;8.1076;004;231;004231;0;0
721;Trinita;trinita;40.3731;15.6102;004;232;004232;0;0
722;Valdieri;valdieri;44.2788;7.3988;004;233;004233;0;0
723;Valgrana;valgrana;44.4124;7.3813;004;234;004234;0;0
724;Valloriate;valloriate;44.338;7.3721;004;235;004235;0;0
725;Valmala;valmala;44.5441;7.3464;004;236;004236;0;0
726;Venasca;venasca;44.565;7.405;004;237;004237;0;0
727;Verduno;verduno;44.6672;7.9319;004;238;004238;0;0
728;Vernante;vernante;44.245;7.5345;004;239;004239;0;0
729;Verzuolo;verzuolo;44.6012;7.4831;004;240;004240;0;0
730;Vezza d'Alba;vezza-dalba;44.7638;8.0091;004;241;004241;0;0
731;Vicoforte;vicoforte;44.3629;7.8636;004;242;004242;0;0
732;Vignolo;vignolo;44.3633;7.4739;004;243;004243;0;0
733;Villafalletto;villafalletto;44.5449;7.5413;004;244;004244;0;0
734;Villanova Mondovi;villanova-mondovi;44.348;7.7675;004;245;004245;0;0
735;Villanova Solaro;villanova-solaro;44.7309;7.5756;004;246;004246;0;0
736;Villar San Costanzo;villar-san-costanzo;44.4841;7.3811;004;247;004247;0;0
737;Vinadio;vinadio;44.3066;7.1737;004;248;004248;0;0
738;Viola;viola;44.2912;7.9652;004;249;004249;0;0
739;Vottignasco;vottignasco;44.5652;7.5803;004;250;004250;0;0
740;Agliano Terme;agliano-terme;44.7915;8.2497;005;001;005001;0;0
741;Albugnano;albugnano;45.078;7.9712;005;002;005002;0;0
742;Antignano;antignano;44.8452;8.1355;005;003;005003;0;0
743;Aramengo;aramengo;45.1001;8.0011;005;004;005004;0;0
744;Asti;asti;44.9009;8.2068;005;005;005005;1;0
745;Azzano d'Asti;azzano-dasti;44.8754;8.2679;005;006;005006;0;0
746;Baldichieri d'Asti;baldichieri-dasti;44.9054;8.0908;005;007;005007;0;0
747;Belveglio;belveglio;44.8309;8.3296;005;008;005008;0;0
748;Berzano di San Pietro;berzano-di-san-pietro;45.0952;7.9531;005;009;005009;0;0
749;Bruno;bruno;44.7939;8.441;005;010;005010;0;0
750;Bubbio;bubbio;44.6642;8.295;005;011;005011;0;0
751;Buttigliera d'Asti;buttigliera-dasti;45.0223;7.9507;005;012;005012;0;0
752;Calamandrana;calamandrana;44.7381;8.3399;005;013;005013;0;0
753;Calliano;calliano;45.0094;8.2558;005;014;005014;0;0
754;Calosso;calosso;44.7393;8.2281;005;015;005015;0;0
755;Camerano Casasco;camerano-casasco;44.9925;8.0909;005;016;005016;0;0
756;Canelli;canelli;44.7193;8.287;005;017;005017;0;0
757;Cantarana;cantarana;45.1994;12.0987;005;018;005018;0;0
758;Capriglio;capriglio;44.4778;10.2041;005;019;005019;0;0
759;Casorzo;casorzo;45.0234;8.3381;005;020;005020;0;0
760;Cassinasco;cassinasco;44.6895;8.3018;005;021;005021;0;0
761;Castagnole delle Lanze;castagnole-delle-lanze;44.7522;8.1514;005;022;005022;0;0
762;Castagnole Monferrato;castagnole-monferrato;44.96;8.3048;005;023;005023;0;0
763;Castel Boglione;castel-boglione;44.723;8.3811;005;024;005024;0;0
764;Castell'Alfero;castellalfero;44.9824;8.2102;005;025;005025;0;0
765;Castellero;castellero;44.9257;8.0743;005;026;005026;0;0
766;Castelletto Molina;castelletto-molina;44.751;8.4325;005;027;005027;0;0
767;Castello di Annone;castello-di-annone;44.8792;8.3138;005;028;005028;0;0
768;Castelnuovo Belbo;castelnuovo-belbo;44.8006;8.4116;005;029;005029;0;0
769;Castelnuovo Calcea;castelnuovo-calcea;44.7892;8.2851;005;030;005030;0;0
770;Castelnuovo Don Bosco;castelnuovo-don-bosco;45.041;7.9643;005;031;005031;0;0
771;Castel Rocchero;castel-rocchero;44.7196;8.4149;005;032;005032;0;0
772;Cellarengo;cellarengo;44.8651;7.9451;005;033;005033;0;0
773;Celle Enomondo;celle-enomondo;44.8578;8.1249;005;034;005034;0;0
774;Cerreto d'Asti;cerreto-dasti;45.0496;8.0367;005;035;005035;0;0
775;Cerro Tanaro;cerro-tanaro;44.8739;8.3597;005;036;005036;0;0
776;Cessole;cessole;44.6501;8.2454;005;037;005037;0;0
777;Chiusano d'Asti;chiusano-dasti;44.985;8.1181;005;038;005038;0;0
778;Cinaglio;cinaglio;44.9762;8.1013;005;039;005039;0;0
779;Cisterna d'Asti;cisterna-dasti;44.8251;8.0038;005;040;005040;0;0
780;Coazzolo;coazzolo;44.7283;8.1455;005;041;005041;0;0
781;Cocconato;cocconato;45.0886;8.0395;005;042;005042;0;0
782;Corsione;corsione;45.003;8.146;005;044;005044;0;0
783;Cortandone;cortandone;44.96;8.0574;005;045;005045;0;0
784;Cortanze;cortanze;45.0153;8.0892;005;046;005046;0;0
785;Cortazzone;cortazzone;44.9798;8.0618;005;047;005047;0;0
786;Cortiglione;cortiglione;44.8235;8.3583;005;048;005048;0;0
787;Cossombrato;cossombrato;44.9927;8.1366;005;049;005049;0;0
788;Costigliole d'Asti;costigliole-dasti;44.785;8.182;005;050;005050;0;0
789;Cunico;cunico;45.0404;8.0969;005;051;005051;0;0
790;Dusino San Michele;dusino-san-michele;44.9267;7.9727;005;052;005052;0;0
791;Ferrere;ferrere;44.8783;7.9942;005;053;005053;0;0
792;Fontanile;fontanile;44.7539;8.4225;005;054;005054;0;0
793;Frinco;frinco;45.0049;8.1719;005;055;005055;0;0
794;Grana;grana;44.9994;8.3006;005;056;005056;0;0
795;Grazzano Badoglio;grazzano-badoglio;45.0404;8.312;005;057;005057;0;0
796;Incisa Scapaccino;incisa-scapaccino;44.8088;8.3751;005;058;005058;0;0
797;Isola d'Asti;isola-dasti;44.8291;8.1778;005;059;005059;0;0
798;Loazzolo;loazzolo;44.6698;8.2582;005;060;005060;0;0
799;Maranzana;maranzana;44.7605;8.4787;005;061;005061;0;0
800;Maretto;maretto;44.9453;8.0348;005;062;005062;0;0
801;Moasca;moasca;44.7631;8.2787;005;063;005063;0;0
802;Mombaldone;mombaldone;44.5721;8.3366;005;064;005064;0;0
803;Mombaruzzo;mombaruzzo;44.7721;8.4484;005;065;005065;0;0
804;Mombercelli;mombercelli;44.8174;8.2944;005;066;005066;0;0
805;Monale;monale;44.9353;8.0727;005;067;005067;0;0
806;Monastero Bormida;monastero-bormida;44.6487;8.3258;005;068;005068;0;0
807;Moncalvo;moncalvo;45.0512;8.2664;005;069;005069;0;0
808;Moncucco Torinese;moncucco-torinese;45.0649;7.9331;005;070;005070;0;0
809;Mongardino;mongardino;44.8487;8.2178;005;071;005071;0;0
810;Montabone;montabone;44.6988;8.3901;005;072;005072;0;0
811;Montafia;montafia;44.9897;8.0241;005;073;005073;0;0
812;Montaldo Scarampi;montaldo-scarampi;44.8314;8.2602;005;074;005074;0;0
813;Montechiaro d'Asti;montechiaro-dasti;45.0083;8.1125;005;075;005075;0;0
814;Montegrosso d'Asti;montegrosso-dasti;44.8217;8.2388;005;076;005076;0;0
815;Montemagno;montemagno;43.8475;10.94;005;077;005077;0;0
816;Moransengo;moransengo;45.1158;8.0246;005;079;005079;0;0
817;Nizza Monferrato;nizza-monferrato;44.7748;8.355;005;080;005080;0;0
818;Olmo Gentile;olmo-gentile;44.5862;8.2484;005;081;005081;0;0
819;Passerano Marmorito;passerano-marmorito;45.071;8.0213;005;082;005082;0;0
820;Penango;penango;45.0315;8.2506;005;083;005083;0;0
821;Piea;piea;45.0232;8.0681;005;084;005084;0;0
822;Pino d'Asti;pino-dasti;45.0575;7.9863;005;085;005085;0;0
823;Piova Massaia;piova-massaia;45.0536;8.0492;005;086;005086;0;0
824;Portacomaro;portacomaro;44.9582;8.2576;005;087;005087;0;0
825;Quaranti;quaranti;44.751;8.45;005;088;005088;0;0
826;Refrancore;refrancore;44.9365;8.3438;005;089;005089;0;0
827;Revigliasco d'Asti;revigliasco-dasti;44.859;8.1586;005;090;005090;0;0
828;Roatto;roatto;44.9524;8.027;005;091;005091;0;0
829;Robella;robella;45.1014;8.1028;005;092;005092;0;0
830;Rocca d'Arazzo;rocca-darazzo;44.8721;8.2848;005;093;005093;0;0
831;Roccaverano;roccaverano;44.5925;8.272;005;094;005094;0;0
832;Rocchetta Palafea;rocchetta-palafea;44.7077;8.3437;005;095;005095;0;0
833;Rocchetta Tanaro;rocchetta-tanaro;44.8596;8.3448;005;096;005096;0;0
834;San Damiano d'Asti;san-damiano-dasti;44.8347;8.065;005;097;005097;0;0
835;San Giorgio Scarampi;san-giorgio-scarampi;44.6122;8.2419;005;098;005098;0;0
836;San Martino Alfieri;san-martino-alfieri;44.8182;8.1092;005;099;005099;0;0
837;San Marzano Oliveto;san-marzano-oliveto;44.7543;8.2959;005;100;005100;0;0
838;San Paolo Solbrito;san-paolo-solbrito;44.9517;7.9719;005;101;005101;0;0
839;Scurzolengo;scurzolengo;44.9657;8.2788;005;103;005103;0;0
840;Serole;serole;44.5546;8.2601;005;104;005104;0;0
841;Sessame;sessame;44.6712;8.3374;005;105;005105;0;0
842;Settime;settime;44.9632;8.1138;005;106;005106;0;0
843;Soglio;soglio;44.9974;8.0795;005;107;005107;0;0
844;Tigliole;tigliole;44.8866;8.0767;005;108;005108;0;0
845;Tonco;tonco;45.0248;8.1909;005;109;005109;0;0
846;Tonengo;tonengo;45.1188;8.0019;005;110;005110;0;0
847;Vaglio Serra;vaglio-serra;44.7974;8.34;005;111;005111;0;0
848;Valfenera;valfenera;44.903;7.9674;005;112;005112;0;0
849;Vesime;vesime;44.6361;8.2283;005;113;005113;0;0
850;Viale;viale;45.0011;8.0502;005;114;005114;0;0
851;Viarigi;viarigi;44.9813;8.358;005;115;005115;0;0
852;Vigliano d'Asti;vigliano-dasti;44.835;8.2303;005;116;005116;0;0
853;Villafranca d'Asti;villafranca-dasti;44.913;8.0328;005;117;005117;0;0
854;Villanova d'Asti;villanova-dasti;44.9422;7.9377;005;118;005118;0;0
855;Villa San Secondo;villa-san-secondo;45.0049;8.135;005;119;005119;0;0
856;Vinchio;vinchio;44.812;8.322;005;120;005120;0;0
857;Montiglio Monferrato;montiglio-monferrato;45.0662;8.0985;005;121;005121;0;0
858;Acqui Terme;acqui-terme;44.6755;8.4707;006;001;006001;0;0
859;Albera Ligure;albera-ligure;44.7032;9.066;006;002;006002;0;0
860;Alessandria;alessandria;44.9132;8.617;006;003;006003;1;0
861;Alfiano Natta;alfiano-natta;45.0476;8.2083;006;004;006004;0;0
862;Alice Bel Colle;alice-bel-colle;44.727;8.4519;006;005;006005;0;0
863;Alluvioni Cambio;alluvioni-cambio;45.0024;8.7963;006;006;006006;0;0
864;Altavilla Monferrato;altavilla-monferrato;44.9945;8.377;006;007;006007;0;0
865;Alzano Scrivia;alzano-scrivia;45.0191;8.8817;006;008;006008;0;0
866;Arquata Scrivia;arquata-scrivia;44.688;8.8857;006;009;006009;0;0
867;Avolasca;avolasca;44.8037;8.9656;006;010;006010;0;0
868;Balzola;balzola;45.1845;8.4045;006;011;006011;0;0
869;Basaluzzo;basaluzzo;44.7686;8.7023;006;012;006012;0;0
870;Bassignana;bassignana;45.0022;8.732;006;013;006013;0;0
871;Belforte Monferrato;belforte-monferrato;44.6261;8.6611;006;014;006014;0;0
872;Bergamasco;bergamasco;44.8283;8.456;006;015;006015;0;0
873;Berzano di Tortona;berzano-di-tortona;44.8785;8.9523;006;016;006016;0;0
874;Bistagno;bistagno;44.6613;8.3714;006;017;006017;0;0
875;Borghetto di Borbera;borghetto-di-borbera;44.7307;8.9438;006;018;006018;0;0
876;Borgoratto Alessandrino;borgoratto-alessandrino;44.8374;8.5397;006;019;006019;0;0
877;Borgo San Martino;borgo-san-martino;45.0887;8.5238;006;020;006020;0;0
878;Bosco Marengo;bosco-marengo;44.8245;8.6776;006;021;006021;0;0
879;Bosio;bosio;44.6508;8.7939;006;022;006022;0;0
880;Bozzole;bozzole;45.071;8.6071;006;023;006023;0;0
881;Brignano-Frascata;brignano-frascata;44.8139;9.041;006;024;006024;0;0
882;Cabella Ligure;cabella-ligure;44.6749;9.0969;006;025;006025;0;0
883;Camagna Monferrato;camagna-monferrato;45.0188;8.431;006;026;006026;0;0
884;Camino;camino;41.3848;13.9337;006;027;006027;0;0
885;Cantalupo Ligure;cantalupo-ligure;44.7192;9.0461;006;028;006028;0;0
886;Capriata d'Orba;capriata-dorba;44.7288;8.6895;006;029;006029;0;0
887;Carbonara Scrivia;carbonara-scrivia;44.8502;8.871;006;030;006030;0;0
888;Carentino;carentino;44.8281;8.4701;006;031;006031;0;0
889;Carezzano;carezzano;44.8082;8.9013;006;032;006032;0;0
890;Carpeneto;carpeneto;45.9964;13.1775;006;033;006033;0;0
891;Carrega Ligure;carrega-ligure;44.6192;9.1758;006;034;006034;0;0
892;Carrosio;carrosio;44.6592;8.8327;006;035;006035;0;0
893;Cartosio;cartosio;44.5912;8.4217;006;036;006036;0;0
894;Casal Cermelli;casal-cermelli;44.8352;8.6256;006;037;006037;0;0
895;Casaleggio Boiro;casaleggio-boiro;44.6345;8.7316;006;038;006038;0;0
896;Casale Monferrato;casale-monferrato;45.1372;8.4509;006;039;006039;0;0
897;Casalnoceto;casalnoceto;44.9141;8.9833;006;040;006040;0;0
898;Casasco;casasco;44.8289;9.006;006;041;006041;0;0
899;Cassano Spinola;cassano-spinola;44.7634;8.8615;006;042;006042;0;0
900;Cassine;cassine;44.7509;8.5289;006;043;006043;0;0
901;Cassinelle;cassinelle;44.6025;8.5645;006;044;006044;0;0
902;Castellania;castellania;44.7984;8.9298;006;045;006045;0;0
903;Castellar Guidobono;castellar-guidobono;44.906;8.9471;006;046;006046;0;0
904;Castellazzo Bormida;castellazzo-bormida;44.8461;8.5785;006;047;006047;0;0
905;Castelletto d'Erro;castelletto-derro;44.6274;8.3949;006;048;006048;0;0
906;Castelletto d'Orba;castelletto-dorba;44.6856;8.7045;006;049;006049;0;0
907;Castelletto Merli;castelletto-merli;45.0748;8.2413;006;050;006050;0;0
908;Castelletto Monferrato;castelletto-monferrato;44.9822;8.5656;006;051;006051;0;0
909;Castelnuovo Bormida;castelnuovo-bormida;44.7437;8.5467;006;052;006052;0;0
910;Castelnuovo Scrivia;castelnuovo-scrivia;44.9814;8.8824;006;053;006053;0;0
911;Castelspina;castelspina;44.8072;8.5842;006;054;006054;0;0
912;Cavatore;cavatore;44.6312;8.4523;006;055;006055;0;0
913;Cella Monte;cella-monte;45.075;8.3927;006;056;006056;0;0
914;Cereseto;cereseto;44.5758;9.678;006;057;006057;0;0
915;Cerreto Grue;cerreto-grue;44.8436;8.9314;006;058;006058;0;0
916;Cerrina Monferrato;cerrina-monferrato;45.1204;8.2156;006;059;006059;0;0
917;Coniolo;coniolo;45.383;9.9749;006;060;006060;0;0
918;Conzano;conzano;45.0213;8.4543;006;061;006061;0;0
919;Costa Vescovato;costa-vescovato;44.8171;8.9273;006;062;006062;0;0
920;Cremolino;cremolino;44.637;8.5864;006;063;006063;0;0
921;Cuccaro Monferrato;cuccaro-monferrato;44.9932;8.4569;006;064;006064;0;0
922;Denice;denice;44.5996;8.3333;006;065;006065;0;0
923;Dernice;dernice;44.7675;9.0514;006;066;006066;0;0
924;Fabbrica Curone;fabbrica-curone;44.7849;9.1476;006;067;006067;0;0
925;Felizzano;felizzano;44.9003;8.4371;006;068;006068;0;0
926;Fraconalto;fraconalto;44.5919;8.8779;006;069;006069;0;0
927;Francavilla Bisio;francavilla-bisio;44.7356;8.7324;006;070;006070;0;0
928;Frascaro;frascaro;44.8275;8.5335;006;071;006071;0;0
929;Frassinello Monferrato;frassinello-monferrato;45.033;8.3869;006;072;006072;0;0
930;Frassineto Po;frassineto-po;45.1347;8.5355;006;073;006073;0;0
931;Fresonara;fresonara;44.7839;8.6874;006;074;006074;0;0
932;Frugarolo;frugarolo;44.8381;8.6827;006;075;006075;0;0
933;Fubine;fubine;44.9658;8.4269;006;076;006076;0;0
934;Gabiano;gabiano;45.1578;8.1964;006;077;006077;0;0
935;Gamalero;gamalero;44.8098;8.5418;006;078;006078;0;0
936;Garbagna;garbagna;44.7814;8.9989;006;079;006079;0;0
937;Gavazzana;gavazzana;44.7767;8.8857;006;080;006080;0;0
938;Gavi;gavi;44.6887;8.8029;006;081;006081;0;0
939;Giarole;giarole;45.0616;8.5677;006;082;006082;0;0
940;Gremiasco;gremiasco;44.7969;9.1059;006;083;006083;0;0
941;Grognardo;grognardo;44.6314;8.4935;006;084;006084;0;0
942;Grondona;grondona;44.6972;8.966;006;085;006085;0;0
943;Guazzora;guazzora;45.0147;8.8525;006;086;006086;0;0
944;Isola Sant'Antonio;isola-santantonio;45.0307;8.8502;006;087;006087;0;0
945;Lerma;lerma;44.6365;8.7153;006;088;006088;0;0
946;Lu;lu;45.0025;8.4858;006;089;006089;0;0
947;Malvicino;malvicino;44.5592;8.4144;006;090;006090;0;0
948;Masio;masio;44.8706;8.4089;006;091;006091;0;0
949;Melazzo;melazzo;44.645;8.4261;006;092;006092;0;0
950;Merana;merana;44.5188;8.298;006;093;006093;0;0
951;Mirabello Monferrato;mirabello-monferrato;45.0366;8.5244;006;094;006094;0;0
952;Molare;molare;44.6197;8.6017;006;095;006095;0;0
953;Molino dei Torti;molino-dei-torti;45.0253;8.8949;006;096;006096;0;0
954;Mombello Monferrato;mombello-monferrato;45.1339;8.2514;006;097;006097;0;0
955;Momperone;momperone;44.8389;9.0353;006;098;006098;0;0
956;Moncestino;moncestino;45.1556;8.1625;006;099;006099;0;0
957;Mongiardino Ligure;mongiardino-ligure;44.6391;9.0602;006;100;006100;0;0
958;Monleale;monleale;44.8853;8.975;006;101;006101;0;0
959;Montacuto;montacuto;44.7667;9.1051;006;102;006102;0;0
960;Montaldeo;montaldeo;44.6681;8.73;006;103;006103;0;0
961;Montaldo Bormida;montaldo-bormida;44.6838;8.5889;006;104;006104;0;0
962;Montecastello;montecastello;43.6352;10.6956;006;105;006105;0;0
963;Montechiaro d'Acqui;montechiaro-dacqui;44.5955;8.3799;006;106;006106;0;0
964;Montegioco;montegioco;44.8419;8.9629;006;107;006107;0;0
965;Montemarzino;montemarzino;44.8489;8.9926;006;108;006108;0;0
966;Morano sul Po;morano-sul-po;45.1683;8.3674;006;109;006109;0;0
967;Morbello;morbello;44.6066;8.511;006;110;006110;0;0
968;Mornese;mornese;44.6376;8.7565;006;111;006111;0;0
969;Morsasco;morsasco;44.6664;8.5521;006;112;006112;0;0
970;Murisengo;murisengo;45.0828;8.1361;006;113;006113;0;0
971;Novi Ligure;novi-ligure;44.7618;8.7861;006;114;006114;0;0
972;Occimiano;occimiano;45.0612;8.5088;006;115;006115;0;0
973;Odalengo Grande;odalengo-grande;45.11;8.1681;006;116;006116;0;0
974;Odalengo Piccolo;odalengo-piccolo;45.072;8.2072;006;117;006117;0;0
975;Olivola;olivola;45.038;8.3681;006;118;006118;0;0
976;Orsara Bormida;orsara-bormida;44.6913;8.5639;006;119;006119;0;0
977;Ottiglio;ottiglio;45.0525;8.3384;006;120;006120;0;0
978;Ovada;ovada;44.6375;8.6465;006;121;006121;0;0
979;Oviglio;oviglio;44.8624;8.4889;006;122;006122;0;0
980;Ozzano Monferrato;ozzano-monferrato;45.1068;8.3716;006;123;006123;0;0
981;Paderna;paderna;44.8216;8.8924;006;124;006124;0;0
982;Pareto;pareto;44.5175;8.383;006;125;006125;0;0
983;Parodi Ligure;parodi-ligure;44.6707;8.7581;006;126;006126;0;0
984;Pasturana;pasturana;44.7519;8.7503;006;127;006127;0;0
985;Pecetto di Valenza;pecetto-di-valenza;44.9908;8.672;006;128;006128;0;0
986;Pietra Marazzi;pietra-marazzi;44.9438;8.6697;006;129;006129;0;0
987;Piovera;piovera;44.9596;8.737;006;130;006130;0;0
988;Pomaro Monferrato;pomaro-monferrato;45.0635;8.5968;006;131;006131;0;0
989;Pontecurone;pontecurone;44.9613;8.935;006;132;006132;0;0
990;Pontestura;pontestura;45.1434;8.3344;006;133;006133;0;0
991;Ponti;ponti;44.6294;8.3653;006;134;006134;0;0
992;Ponzano Monferrato;ponzano-monferrato;45.0855;8.2632;006;135;006135;0;0
993;Ponzone;ponzone;45.6557;8.1896;006;136;006136;0;0
994;Pozzol Groppo;pozzol-groppo;44.8776;9.0292;006;137;006137;0;0
995;Pozzolo Formigaro;pozzolo-formigaro;44.7963;8.7859;006;138;006138;0;0
996;Prasco;prasco;44.6397;8.5524;006;139;006139;0;0
997;Predosa;predosa;44.7524;8.6566;006;140;006140;0;0
998;Quargnento;quargnento;44.9459;8.4881;006;141;006141;0;0
999;Quattordio;quattordio;44.8974;8.4061;006;142;006142;0;0
1000;Ricaldone;ricaldone;44.7335;8.4692;006;143;006143;0;0
